x1,x2,x3,x4,x5,x6,x7,x8
-4.080170772732677,12.056579360497595,-3.158173772355643,0.3601644614907576,-3.7896111757971895,-4.152873182180566,-2.023673879933779,-5.229117054713188
7.604495848904685,3.5312806273154744,-2.208406449077563,7.13452943517491,-4.104656617251393,4.071933650263214,2.206092905606188,-8.141431564895905
2.285588790934445,5.941787727711728,-4.3923527457335325,0.13766935051312829,2.8052554931637577,2.0014274469317668,1.9836671366874656,-0.12500750510079334
-5.705261598376856,-7.8868759007607885,-1.748588556038985,5.2199167146581065,-4.8210038185381325,8.272488299562035,-2.857513837718373,1.9742443824074305
-5.263543127332025,2.1639917219525704,-4.422545615179942,-0.3459675841650566,4.68328493409654,3.4345975158358346,5.202949420784647,-2.7668408907584934
-3.051521009239792,-0.4965055759494222,-11.809896579489319,5.389943930555834,-8.275261410074261,3.9360327235515857,-5.653251273016063,3.6672972148354015
1.451508163452247,-1.5577062336910492,10.968217086532006,0.9701303602550786,1.927216433573092,6.7655980270697365,2.746371764782216,10.428350887539981
-0.9243888424609824,2.604350413846612,5.327288661705142,-7.472682657621156,-6.32794981090886,1.0415790761002337,3.905482201810551,0.4266502928510235
-3.4413039417286297,7.4621588759786155,-5.642532219733586,-3.3411821948144507,0.0012479899350341154,-1.6166167941758711,-2.740694495636657,-3.0514235174468944
0.5606285792050071,5.4090427604494815,-0.3476490169628977,5.886290613079876,-2.2602876361735404,-4.538080845525926,6.281256512730237,7.867847332802343
-4.742282878967443,-6.523952745696392,-1.4480934011787403,5.130437746218728,-1.7037605401858529,-9.534389724102896,1.8499317338969017,0.008794073434292409
-0.12512288808143512,2.8255437530487457,-5.703748423025655,-3.795049628555252,1.3440035270388277,2.3923512333175783,-7.2500676238514,-0.7760164102203543
5.916004898915968,-5.699578122493408,-21.19688336082393,-1.934730617073259,-3.8606197971396,-2.5292445666903567,0.1496649603145536,-2.9912529055458883
-11.613922408260295,-1.1961095934152306,0.5123071396210883,6.0043374527557445,0.36870030021053496,-0.8354908533458066,-0.7248386409405544,1.4530769107048014
-1.6196639985532977,4.1854849314832165,5.884944972834193,-8.368688064716821,-0.41529534230169135,-10.679827947443393,1.2139785437694262,8.099116052427096
1.5699664051543736,2.2323143544931803,1.8104845065545887,2.673642120709184,-3.8558501011009656,0.6076108860944436,0.030063211900921843,4.976627300533036
-6.4499473432126,0.3768896590725501,0.045309231075778535,-1.4502932437070069,-0.7018264309541965,5.384423277671512,-1.9815499070379696,1.46686477374018
-0.4410694149991631,-3.761653328247028,-9.770957796485721,0.12848941495156044,4.141891121405167,6.421995574320707,-5.458640680750308,-5.108034183255152
-3.192128321041247,-10.717023175885833,3.913800751105719,-1.6037144851488832,-0.2755860265152885,-5.318979844634069,-0.4650302692206905,-1.6535892558632606
-7.264216717315844,-2.5409528005444004,-10.060574760180668,7.5767866506827435,2.8956201846703578,0.4895469909845467,-3.3867010150856425,11.314288792257132
12.428308755716984,5.936179198601936,2.3139612392290507,-1.9288555238073157,0.8227005693244122,3.0633869954316317,2.8698978890098354,5.013247086074092
6.409354732953548,-8.843047685515943,5.651646112657554,-2.4097601805655926,-2.525237830648356,-2.4292672343007684,2.413566400329021,5.02112218339795
10.26978481596468,-6.1831296989959625,-3.784911844759949,2.254793163168136,-9.38265913499006,-2.755102268424793,2.08761097079208,-1.6418766472745696
5.0365813807487845,-4.826296434085021,-7.011080857037448,0.2360584492251053,3.6510426539742418,9.047727967535641,10.662126741909434,4.053207955600946
1.928953842302492,-1.4091109652198708,-0.6051172696970188,5.6791417777636255,1.3054926448446345,5.3947669610000215,0.19637690514143635,-6.612901216902139
6.345905567089052,-1.3654159145658644,1.3802441821628066,-3.2398141246841075,-0.5762565156617081,5.967137049547797,1.6719496195247938,3.830442049118509
0.8911495661173897,-3.9141351867859764,-2.183737151862766,5.543986944027458,-1.0716694816528318,1.068590197243333,4.8941771133632255,-0.30767172051754305
-4.412812025284072,2.4066553965482784,-0.2963108687029429,-4.311271261410687,-3.3413955207983603,4.4500498523095615,-3.6455010790104985,-0.8325055632221552
-6.696877524929803,9.318287121834553,4.985450578608141,-11.265641127749815,-3.671919816070947,-1.5731855214990067,0.17905948955532794,-6.322177879935218
4.835313748589302,6.921531286393354,7.912910458235322,4.663824302537948,6.548740009335791,-4.629604957402515,3.3156134309888383,-0.4725856903870359
3.4060754234953348,2.6089248754829035,-6.5450174909639856,0.7976391134216904,7.087152670392686,-8.416106472002307,-7.182129540122901,-12.174362180441447
-3.7739617153942784,11.387561635453984,7.7994239545991615,-8.622859177161109,-5.575643421817038,-5.894837861070903,7.2087628695343575,-4.081903025707328
2.9977846359355134,-1.1607019380070382,0.06493827222014968,3.7505372863314133,-0.9036681830114114,-0.13538574070570067,6.017481146699155,4.6607224065364585
-7.862585557003702,0.3792404746152401,-2.8757201549085862,2.467699915984383,5.1239326395795235,-2.6662247505739534,-2.301497784187672,3.299070642873742
-5.604490213502274,-2.2938520566985363,-3.6730145497997135,-0.003644252978770343,-6.247910365897321,11.268801186001893,-2.5372363976299037,0.19598106505725726
-7.471967954015057,5.750914276284847,-8.051752228866082,-8.417893228483562,4.0807110557874,0.3390372418284931,0.23119129235136734,7.567323791720072
-1.8080002802599828,-6.043284266423775,-1.2239343310002155,7.891680864394951,-2.326414619037643,-3.7209448155629885,-0.6049617784793584,0.8351123508207593
10.943003342200203,-1.0132566534566283,-5.835826536279784,2.223808951601747,1.3708015768831092,4.911011691852113,1.0004257749895953,0.32613843895035804
-1.841016029392656,-9.337662350585292,2.7522417922158744,3.188415504431429,-2.108724138545293,4.850413359509886,-4.518087582056063,-2.5514937057579887
-0.7763463466062859,-7.948982310580387,-2.7507044458170387,-2.960115759377888,3.1940665917186988,-9.65668908016614,3.6404401962832096,5.558611310689839
-0.8690189736699148,-4.963467772451912,0.12870880188325232,-5.840277911298375,0.6372704558890776,8.541781842603601,-4.566445816777237,6.2061619181080925
-0.07743629712695135,-8.411212174209574,-0.44682560217056,0.4809971355357375,-0.7458372401883222,-0.9829225157856052,-4.043199572350312,5.011296777704909
0.2764033644660148,-2.9549364004544816,-1.991326276229532,-0.08420843091091985,6.049926778772592,-0.3482271146146094,1.6100162363300592,5.588482759891348
2.3020607755222913,6.648903607128175,-3.9665091089155013,-2.958674398584658,-3.554834424256623,-1.7526763317006773,-3.536306073410598,7.474166350058071
1.9792993519791933,8.110429408126043,2.975931967647009,0.5413324469566738,5.121020060202096,-3.1800059669131677,1.1883987750468787,1.4981655564735077
7.123483930074109,6.085354523103312,-0.22812864129366056,-4.844221142879082,13.273339087537286,4.1447919619078,-5.053161157894726,-0.02613980157603341
-6.081400042900934,-0.6896015391385181,-1.3320998319460498,-3.7672991932360342,-2.9378621825699005,-2.225497516388645,5.2876403929863445,-5.480347588802285
-4.273091482121508,-2.11808853472834,-12.091915483520761,-2.5199264635657133,-0.8733629136812209,-9.768067877719853,0.09356869529738937,5.420071418721327
8.796276400716035,5.329851248916373,-1.210011253746753,-2.749896778819341,2.0511416574179577,-1.298804665689541,15.186702965400615,-6.219022388016232
-2.9221080259547936,8.46200311486288,-7.9013185489814095,-0.5701913542860075,-1.847102123336086,-1.814097140517397,-1.8167486155425745,6.769340687297031
-1.644636268949624,-2.092780911284488,-5.47911543277687,-0.4445625772451823,-0.09192421986615684,0.7414151160499458,6.4493472012305775,-1.7466427383458605
3.155477700271085,-4.793226148000586,0.01892488615634779,-5.728050631452707,-7.426011298156288,9.26696216338733,-2.8408075483231308,5.578149146965611
1.2351572204330787,0.4330921784438288,7.5631779885631625,3.900251750717851,-7.9670341220621985,-1.0525237579798017,7.182815349304738,13.502260576187284
2.568725346783144,2.550473331265718,3.5689276342128275,-2.385926987921109,6.609396593682809,5.2027236751193415,9.836419622474002,-1.403629708836735
-0.8809934699248232,-4.189139660355229,0.5241258560575872,1.7262134677303438,1.3310593453085096,1.1319876510332565,-4.23608335082608,-1.2790726719714636
-3.335256108554716,3.454140066348723,6.044326091154168,1.5391998128677675,4.433047811521495,0.31896568278212295,2.985405386720654,-0.5095500698496136
2.1331225638970737,-7.5649044614087915,0.9740966622255992,1.3637514586609931,6.5477575214962425,-4.019131958001331,-8.57222378051106,8.21061656889975
3.688120746724608,6.486757716197031,-2.0381141547432606,0.4382777311890184,-2.0173202927456195,1.431208759425433,-1.6738923549142106,1.1564064064798998
4.784247193823423,-2.7108625574167187,1.3445166255609544,6.795198450609592,-5.304814607788906,4.769307818289862,-6.781623353777244,3.654705601830873
-3.7114522620779953,-8.960908870003157,-6.4822902499273445,3.6305123716892034,2.3167291118205897,2.9341460216625777,0.32425123079423473,-0.5162104390573614
9.327807673924463,1.912790199630676,7.229303191138668,-1.211807512335214,6.426937137731877,1.5501778478733483,0.3213218333195893,-6.8498617205164125
-2.9619559776003213,0.4686549316113055,-4.576104976085982,-2.0962537525281117,1.1789679661072268,0.3528973788802332,0.9480160100400314,5.130299865857602
0.2532289355159546,7.681099009925141,-10.086337359516342,3.0591645839449457,-4.908958749050702,8.584245832205854,6.078629078780424,10.664689017734489
0.0769248785466097,-1.7049450783366498,0.03732742111438327,-8.591113650704957,1.88283638385578,6.889288564957213,-3.0402005042745697,3.94118522089274
-4.537604239515772,-1.8044625048332523,-1.4717754772848481,0.9892361712182446,5.922611891979611,5.535203729885845,-12.676899839511712,-6.3069091387115215
1.009517322869922,-0.7111551607093292,5.6628619769063455,-10.33894684737514,0.9272566138168126,-7.993168920877224,-10.247967003947561,8.067959759500049
-0.7554703046219644,5.084232674919963,-2.980835724790172,-0.2425618009214963,2.4196810384493785,-4.784951395177606,0.4043102094375791,-4.626935891609414
0.8137554866940057,0.2919019371331509,-5.73684943855517,9.713432324889222,7.783807556942293,-2.1763396573552063,-3.2138303278483336,0.341204610426693
4.736013359071919,4.2349265823314015,-6.9394315077626505,0.7087821868664899,-0.8293800106642986,-7.9961348374378876,-5.7651507193557965,5.956720684547107
3.9185561394608426,-0.33010172505341073,3.1806459316636424,-3.392408838029862,3.950093319942076,3.5729933368673397,-1.4103446702827094,-3.026367022352435
13.34194295408478,6.298560775558837,-5.161983185742836,11.048094864490443,-7.5427611011632445,2.347808634210915,-3.2654008675766795,-9.312272214111704
1.660574828260377,-8.284856281748525,4.220899151260113,4.734029163429105,1.1761981660603469,2.5791141610451525,5.003718763720549,2.9681461431029463
-7.741562143863955,-3.759347267032695,-1.026005844281095,-0.015616490001871468,-0.7731211651890757,4.811356454615106,6.495420136613458,-0.3272030684398192
-2.990167181383136,1.2949913457715565,-2.5892439560849176,1.51937972876955,-3.414548971283762,-1.32518794557045,-4.3918295481836,-0.8172049298683198
0.9325946965278508,0.6860263936382327,-6.236754149092215,2.8188201837724103,-8.976608058823114,-0.7288059828484829,-1.5258496775757544,-4.89758972852292
-2.4092746582098425,-0.6388094879350305,4.889356756874356,-11.1389313252999,-6.8812707673446125,-0.501711430051215,2.3868513328489422,-0.5480490375117045
-3.2402971675854664,-0.5398502054291198,1.5851022076389911,4.317885400274654,2.3491441133726183,-2.5075682407474527,3.7432517206909575,-0.14359837801679107
-6.282912699218189,2.330152223890614,0.4134633410160415,-8.251090387535324,2.891878151503036,-3.04199966273017,0.8539914619853245,-1.6948378383854168
2.0718425268320333,0.4162668746381508,1.4171166649211218,-1.0406096321091902,3.760809881104772,-9.648418257470896,-1.7029498274041237,6.0139313233420495
5.295124181357521,-3.1519184084926803,-0.24254296695749236,-4.7946563296015015,-4.5593752001401775,5.892913537139915,4.256960482018442,-0.4526826030551241
-2.122010408435571,-3.5315983376138265,-4.442743176218537,10.451159208775904,-0.832188748385462,-5.822644792708429,5.927588390622862,6.852860156139918
0.8454022564960445,-6.958735703195269,2.731519997246132,0.1417115096893886,-9.41432603971223,-1.1325997986712957,6.556142015445897,5.554210986418437
-0.02820123494290897,-4.1268370167711215,-5.266373042277994,-1.3487038530554345,-0.17427510660714796,-3.4182863134722155,1.6529889988547135,1.460716940022866
-1.0890066270635843,-4.502635081844618,-2.051101689790856,-0.5366654092334622,-7.929824116752557,-3.5141978054526013,1.7864061002332898,-0.4884287679782955
-4.728317893849118,-6.761386474724152,5.450019403738033,5.358887207022733,-1.5668577966884962,-5.530092991842391,9.05533144515524,11.253619168357623
-2.921833144478421,-6.175136399528206,-5.5138052629477015,-5.328000759132489,-9.970365951949072,2.7918603525321397,-9.005390216577442,-6.179189318639931
2.7656317157740373,1.3727031986808569,-0.07737745134716265,-0.10586673059583818,2.9239149682737646,-7.264622804870385,-4.5754500652734285,0.08088354234933247
-1.7115669221118124,1.3418171325809451,4.315084972971603,-0.4752779089542441,0.062051023228318486,-9.102993092307793,10.862673599485609,-0.4697377193761452
8.420757267619981,-1.3435559396811287,7.676809602980898,1.479780578042866,8.619151192166154,-2.7792087435211164,-9.578116264593667,8.029075309838078
0.2255467105169315,5.023093371343942,-3.813139712119183,-6.18324666135964,-0.4999315382855129,-6.284460047461293,-11.2710353131566,-5.672229202206753
5.786102031690488,4.473563136167088,-4.027617970106517,0.5580434463108875,5.0461540937859715,-1.9979625805896408,-3.6968329485520317,-4.787998991382137
4.256774140313813,0.6229317392624999,0.8481406985274613,-0.3839790756263116,-2.5775957494517225,3.742882386348407,1.782136994233274,-4.733664455762939
-1.7299123237861962,4.0213379791782655,6.293809656455865,3.9987172873223065,1.5959735419061154,12.560339348286062,7.522186533316708,-2.6648260064676847
-0.9895984271147924,-5.922891812633259,4.2617557076840935,1.3269158011742188,-1.3100795472528992,-4.974457651847625,0.04967500548345294,-1.8555871282378475
-2.564742456094704,4.693828671849508,4.576911242202304,-4.578917927236653,-4.886600042902491,-0.5131959576300021,5.122180788663559,-7.9740430342950726
-1.6402276578221195,-0.5276564736217157,-7.288051040978267,2.924074306225915,-3.4205416972545244,-3.443644071863246,-1.9320736425002096,-4.241528479597719
5.243411976717444,-2.8426711932517765,1.366739025405098,-7.678246620125644,-2.7798741184897406,10.119026940242607,-5.06263365283666,-4.192981239111572
4.3011870414162185,3.0030302808032125,-3.2335678928284706,1.5729169867454682,3.3933282959043454,-3.848229111931973,-3.008722949472512,-7.309223236803453
-7.580850652086352,2.247371695995453,8.172499338743128,-0.2312199500969806,-1.5572130290800286,0.7083699174287105,2.023755461690919,-4.260159066145721
4.4448050449961976,6.624207675494787,0.10421631144345148,-3.519997754527024,-3.5098771999240412,-2.928789970383792,-5.6942951172873935,-2.071966243306934
5.0640530333590466,11.061554328239737,3.940250322805683,-4.436336935566027,5.856773570174228,-2.664498297689452,10.377753693558027,-1.853386068962462
-4.4431207560820996,-0.13108448306261156,3.261740329254711,0.7002166250638839,-0.006334335296757678,2.5647570399718083,-0.23665890958100275,4.211401586258342
-0.6575318332687042,-5.732117599880749,-2.289691828587185,-4.196764326726181,-3.4972404034429068,-9.059706655913104,-0.9770411657235702,5.171101681750179
-14.772149453630686,-7.392565537988127,-2.760613981401409,-5.375319715023976,-0.10285208095991888,5.936372168070884,1.2396312641243952,-10.848528023119467
-8.998669441279594,-2.011381807664514,8.30488224995398,-8.109058993432827,-1.7555525427511365,-0.83860932976067,-0.4593660573946615,1.6049520281491902
10.717025204343981,-1.1416740773657854,-2.0052268954099137,-0.7527092799865475,-2.0137517404642677,-0.4183801630134133,4.158309369926343,1.3425844151592314
-1.275801998809154,-0.04563185655498643,-2.823934346515306,-8.498513123940302,8.541052151205607,-1.9577191499903757,-0.7916659277103051,-3.140630481382676
-7.116078361312972,-1.6682615866821289,-7.621062883130307,3.81238326149209,-11.132151942964988,0.015440015626326381,-2.682962550569417,-6.1514341438687286
0.08259683720703731,2.760445948993497,-3.8835819282571946,1.5797518578124932,3.1267590147652853,-1.1121309931295245,4.134691661311186,5.818528915539481
11.539367597413952,3.105856599256338,-0.9550491592313582,2.951381959482142,-4.170513793464513,-0.6353208136013878,4.193787696362656,0.13345644906711934
-0.15049937022163545,-0.22442102174566253,5.933114044224559,0.07594921262569508,7.003551932989497,-1.1741589227279698,-0.2473964674249165,-1.6510133477259423
3.8537761733660685,-2.4964978404832925,0.07046039314821044,10.803568826089112,-1.7140343908924958,3.1033190388676783,-0.2664965800962518,4.240519349916299
-0.3234306875954481,-0.4201687451396794,-2.809744631312539,-4.1464627063625645,-3.1771633744672214,0.03668307094812698,6.7957622472888755,-3.1449546329676377
-1.1250653485497029,4.224880634317103,-2.7512691939021643,5.5390568872014905,-0.14146561891988274,-5.9262727314145005,-6.18431358480187,-2.8044498209082254
-1.8083334157827813,1.1255599165515564,-2.370785553042018,6.724683924814526,1.6828589474055953,-2.794740869515885,-3.261768979479319,5.430044040683661
-5.549197437777203,2.4345941075113977,0.9333621636052014,-3.4652151949859618,-1.9825155385461368,-1.7132009366868002,2.280025004548344,0.4931758233353237
4.086282221458897,-4.569321795524075,-4.620929129452504,1.1061888719056927,1.9888114252206832,-7.492742718946363,7.994031839616076,7.206755310237508
7.115154410520043,-7.018051543438852,-7.999430853499362,0.6721838497360806,3.384188839526564,9.287421880512776,-5.01624346687334,6.97634523896668
3.0947539236077364,-3.0961955442566125,-5.059954027577586,0.1227719921518575,-4.014375563331542,-6.506733435581371,-6.212133071511363,5.998610101257522
-1.5843932788432602,3.664984577980608,-3.2398227618174813,-0.16406881219677386,5.949459421116874,-3.020595147969276,-5.1369080475919535,-10.957070926342439
-2.4272883746514577,-2.6424498405412207,2.91364341514311,-2.0853407086330527,-5.203937315301333,2.7729865614026976,2.213414197773943,5.633674647008022
0.8821641182139144,-8.222580594200581,-1.8111396259579964,-4.382323192571603,9.667616902951776,1.8038877985708408,-2.531590294660226,-2.935340660858708
-0.3434923760015818,0.8182631661604072,-8.081694324090464,0.7129519426249971,-12.396155171355915,-1.8712080874351449,-9.621153753700014,-3.38054040958397
-7.755433272382897,0.1614071041825926,-11.316650990159873,5.932617230281355,5.21664246122625,3.0618726319736647,3.826965648028308,-7.583317946119486
4.2811100585209845,-4.415644066654338,3.874857895144875,-1.9804054035380263,5.741264675012382,-0.4324242728766112,-2.840927542932256,8.274200099109121
-2.464555574777599,1.2786313528584499,-0.9169442989158216,0.044425717603936016,-15.127789321214948,5.832148849031771,-9.947012058727767,5.663370018452537
4.383874627249333,1.180901956813199,-3.898270270698207,-8.258104675332845,-3.705357996209744,0.5615038177805547,4.064682503030509,-10.104067049147043
-5.033476145366384,1.7122694078466736,3.3750867125227324,-5.543962215824058,7.887187442699865,-2.722848612929543,-3.7297902750642535,3.0114862609400967
5.203974502883724,10.440942062442002,-3.2538376605511443,7.059681563592927,-1.9637318713841116,-0.885370227856882,1.7745418139968632,2.5280542836950444
-7.034156701216128,-3.469090890908792,-4.287567842421368,0.2024639497317688,-6.131789417287736,8.498048123190959,1.4750578773153755,-4.723550205346728
7.211571456023925,-1.4160084741566028,15.66370797825823,4.148577200279359,0.6401946125328793,4.184410535836333,0.3313945140064461,2.297250700468818
3.7661123141713975,-4.536109852784398,-0.957401073199312,-0.4878469656239681,0.6929282800727194,6.614063358746398,3.7608224819141647,-2.5202495898837056
6.76084814726153,-0.1759655397334055,-0.4418010394130183,-1.8642024961402937,-7.846357808829827,10.809410218203404,-5.378835610433429,-3.329489465716152
-3.4227942808024507,7.0387650520877285,-0.8788953727323892,-2.4208781881725843,1.8120310240655249,-1.9761499516433545,0.866705399624861,3.920255568958101
0.03701183732325767,10.13797782788587,5.411939067472966,6.591787804255,-10.269097242760992,-9.161551834844287,-2.8589738351111715,-6.068969134230626
-11.247358724112429,3.988561700198079,5.355182688035357,-6.337321290277027,3.4964179937407107,5.2376714900269405,1.2994776027762676,3.13985597304295
4.909248532465536,-11.85656015477236,-3.3663694646113904,-4.615018580238608,-6.362906484951117,0.3614796979913302,11.78195938422853,-4.0448990818540045
10.8019243233726,-2.4536515012760782,1.5819765370189733,0.3846576416974535,3.668022980451688,-1.6500296378352246,2.4096844593408977,4.021169638584372
6.58568903950406,1.20286755169554,0.4217952074214456,-1.7472196410127556,-0.7458064432641871,0.240155261556973,-0.9376148578361351,2.127873043586979
13.513804418074296,1.3324155343740105,-4.1698880797951565,-5.910667283727082,0.176173966382091,-3.5585972945738837,-4.291821520630203,2.9076907176377107
-3.5478520569702066,2.1119002060782868,-2.3988403448933835,-4.18128898846925,0.003594816251916195,-1.7981671714281393,2.469680867197793,2.5454628056704127
0.1581129010057397,-7.197960940223952,11.57539869708163,-2.5337629464971383,-0.7850586410581017,5.5997007714340565,2.429492242105691,3.778405115466664
-0.060678398402206124,2.8162332197656763,-1.9522911369422158,3.0119753913066334,-1.7115517504717044,-6.302392423204517,-1.0828467388457717,-3.780704152196385
1.8733896214392365,0.4973838160507386,-6.191589338627487,-3.1298978950979226,-1.387323588849717,-6.405808967847621,0.9989537270536908,6.417605947622107
-12.865049038391376,-0.8284828705977494,-8.487306961193267,-2.1126149638979665,2.2259013053254293,1.1509577715647754,5.570059674132968,1.138375791552556
-1.5488798217040483,3.305033987763402,-5.930576125563959,7.328984851331892,4.334353704366788,-1.2551390370011604,11.3818379915012,-6.9288885355715975
-6.751406802867312,2.0848683126002285,2.603054436493399,-5.876982526524025,-4.8826435057111786,5.226284125472519,0.14301093151054473,-1.6940796925496968
-3.417808946325463,-1.6494099355100544,-8.729963075973156,-0.9970818486429543,-4.019723778587525,5.1690160913597785,4.064281156980881,-3.5960477568747287
3.136263356090136,-9.390735055638793,-0.5568122455599014,-11.747614719811127,-2.841798810571285,0.5990444813329611,-2.2411999278893964,1.4182473680160106
4.044829059247308,1.2161762411913035,-3.762496222401265,-5.560171652483634,-3.735355021003144,12.19563938583709,0.9401078158355952,6.918882540159522
-1.7863693851701212,5.8554490927319405,2.221186334821188,4.9299512226687385,3.1053255747480435,-1.7096061075618545,7.570308911954307,-9.125796135543949
-0.7006404522764577,-5.156245192582993,1.2101638457794528,-2.842314605007041,1.778455944376217,-5.710136580448616,4.8333714925273705,4.224477394312198
-0.10973852696729304,-0.2893253991212684,2.4608867190817363,0.2391279740832461,10.59397299739562,5.471057280369832,9.041351474995944,5.018670308513709
0.84246777593375,4.211546232380037,6.4844552150831785,8.017816130305706,2.6042648454534927,-1.6382662955139657,4.1040307350494265,8.477431495610684
-0.3432666187709318,3.0106290124559503,-0.6003483236409983,6.898350715706724,-2.9880359298010384,0.3366495704296284,3.9801379350703394,-3.9740729517641515
-1.9967855417727636,1.3528773503707718,-0.8837801639454617,-8.771516386261371,-0.7290965999058491,3.8836726326557542,-1.5094052888303156,-2.812004687680118
-1.1669379558462885,0.8079633193961444,-1.0005109058770798,8.152859999953812,1.0368454427177172,4.045953417203702,11.238185506711172,2.5673663401756968
3.5912912536972854,8.253584229312965,-3.650032210822797,-1.2070416248432947,4.1766337436761445,1.8929080621097665,-0.1934440417585073,-7.583524687572626
4.918929999817951,-4.9864229078184525,3.6314592884126697,7.373011055330359,-7.105646359590981,1.5179098260972923,-4.974060684533927,-1.6290532971524607
-2.676580047734582,-5.304902122714107,-3.3740711186936436,-3.4521733552063685,3.5416262166961188,6.903257466676216,1.2120268715812623,8.136694621939093
5.6526153132717285,4.48879004077769,-9.892897803573529,3.646426069536253,-9.009104798163994,0.06580877796792263,-1.8166666477347992,2.4779924173951544
-8.170289107595668,6.067246046374859,4.802970452323161,0.21758225205413811,-5.890985913058888,1.5232018775319975,-7.538804569780733,1.5620064922709975
6.44365807892475,-13.30162101762924,-3.988610158551871,3.0833990901312096,-2.619239393669226,-1.3116910834583748,-1.6633858543085014,-5.142189269960781
7.967243169722066,2.8896235675758035,-4.653391242732519,-2.1268559653490846,6.293414452849098,4.965701831605818,-1.6451606179827114,-1.0159245928286684
1.1328343879846572,-7.606742090910858,5.4804544612545785,1.812347098913364,-2.8988545795370597,5.216684022296136,-0.4527924457487749,8.483542569230828
0.1551114133275485,14.099457810612106,-5.561323211310601,2.28447687981512,-6.054603309343189,5.620920909872181,0.16318227919849648,-6.637373403300088
3.499910841777542,1.6474221109662854,-3.6529762582713983,8.206891492075725,1.5674070395256356,-10.926387776722033,-7.642311627079411,-1.017516645223808
-6.4837168527483975,10.912207842886543,-6.077829422075665,-2.1229421290319492,-2.8988384497136033,-9.116749653263446,4.2670749456574955,6.823326001006175
-0.4025717230755013,3.3109698233620257,-5.088316522065258,9.310843482049833,-1.0060885153178976,1.6816718731569478,-1.886175101230372,2.1250865065117748
-0.15078694985223015,1.4147846471085732,-3.934095083174996,8.814323852270777,-6.220668953298103,-7.286389037105263,1.1781417550705873,4.873593785125505
0.2806447504668624,-0.2558436624193505,0.4592931055042582,8.400767346963299,-4.1173882524606364,-2.8886118253124824,0.4694642368302011,4.65805579702755
1.2385223409596446,5.614799352430873,2.5029737177169213,-4.565174932886484,2.575685257283931,3.2064301791261984,0.9444738240323745,1.89634235839932
-4.052055732951317,-1.6287247039032229,-2.3799782372568816,0.6964030103409726,-2.4700177611331355,-4.119348797845085,7.383102226944377,1.2662521657658727
7.676116627157113,-6.042176237908761,5.154101612980629,2.889365403178596,-2.065862650120206,-4.4715803001744225,0.3036396239040893,9.631620611236617
1.1992056980107226,2.7919743521682543,4.719418811763698,-11.884950061069311,-3.6735988763844447,-7.11965133109718,0.4046890354680909,0.4903050036807289
1.1563210109383857,-3.078137320893096,-1.5785863037061132,2.7826322391306357,4.087836210234029,-5.301154803801149,1.069399680227702,-3.3480652756236164
9.641252903081737,-4.950568729735579,-6.70861277656878,4.643956571079191,4.3366527039006515,-3.4009272238781487,1.9492248980313585,-13.021631185722196
0.7973746116319301,4.447866960006105,3.8308617846698265,-1.6659354925895786,-5.276849907260561,1.6931791393897695,-7.127342969904947,-8.126600208931691
2.64913720008729,-5.172001672780442,-9.794334156433898,-5.2457422124129645,-3.4345276553162645,-4.143323486931289,-1.6337112618117775,4.665057538670861
-2.811292174369888,5.708871450984058,-10.202799259000424,-1.4859008821378314,-5.1309428311609695,-1.7420581967208328,0.7662384400096046,6.487815435598102
-9.366580325143767,0.4090062079983676,-5.425648908542687,2.590633852418736,-1.4821773688311057,3.621328546087903,-5.538623345709441,0.8565382594719938
-3.864100574901244,2.4819390426641266,4.7600098836030265,-8.981709453886443,-2.136896343406024,-0.19682790621668766,2.968732933664056,-4.1819039227321815
0.21613658256576576,5.191170687428158,-5.30525989509931,2.202924011318676,-8.584980606566003,-1.6315878107792303,-5.683400425498523,-6.126370115561921
4.372956380842082,7.618837394819974,-9.510057445094985,-2.1448058171315134,-8.82296214168899,-1.4312486385751724,-0.10950522791345374,-2.5544590054775047
1.6825479875882992,4.836009282792522,-6.488442686228847,8.478505021064159,-0.4989553009801504,-1.1905769476570531,5.1046837559653895,3.9475471578256585
2.766353811980549,-2.482521395400302,-2.6070110734878997,-1.0089998998379006,-0.4439153635892587,4.917392138147197,3.583643682887633,2.604913837753009
-5.26332466305758,-3.900114079923302,-2.15463148220154,4.648954772034592,-1.9219620240516964,1.508323875698325,-5.565571374217432,-0.3264163101532109
-8.856741783169998,4.8827417200856935,-1.7539614131982837,-4.091327809201093,-7.655344152587186,-3.1379301868525427,-5.480208105977469,2.806006613983648
2.005974170223324,1.6681008625352156,10.628737285437161,-0.3820363664612397,-7.33670952247678,-3.683033019450664,-2.5395101627788987,0.2637095806551281
0.467095877686729,-3.0894795977980163,7.939734541354163,4.3810668251004214,0.6916941295286639,2.9491567653139485,-0.08168732095922243,-0.043955180357337996
-1.0068313643234814,1.5628356492117517,8.179952064310358,0.6737206665614837,4.618123016972263,6.1771463348569915,5.8058522341492464,-1.2620690847975795
-3.2987111450228164,7.279866112067474,2.8655741890727158,-0.7832397716650847,4.994737216219284,-1.7434533749557624,-5.36155532226961,4.944464561302602
2.155198686279264,-2.3210334948011355,3.4161327356169666,-0.8629740725562771,6.168851776454497,0.4325879224441403,0.9270524199248888,5.464438634891463
5.566324520685563,-9.283184464338305,-3.9680986167373495,5.289775267992408,-5.590275368876611,13.061973723070867,15.878241572146043,9.196775437953725
-2.46995882519608,-6.737482882929152,0.3294647625760232,8.62436687219832,-5.7048297075123395,-5.173610157139769,-0.4517781037571272,-3.1862037132116865
-2.272564495325548,-4.224465677051291,-4.505804871467362,-1.2922901222771066,0.6938218162635761,-2.3211028011446366,10.08920422859564,0.514177963107476
-4.7468357445323255,-2.2101460807110698,-1.1725777635006005,5.435022992619183,-0.9621662690505326,1.2249389269272883,-10.440387908152216,0.08727818773631751
-9.439215116646203,-5.333743767402074,-5.495290966558223,-3.4244715156842984,6.2153583223577415,1.2698389069815679,3.301474020438922,-4.508016043636208
1.2340321740835056,0.7321324321247275,-6.936655555777447,-0.8207020300723911,1.520999941740694,5.402602792281859,2.9575366301303196,1.6587060127212938
6.386861884706656,2.1412226226377418,3.6536642286762295,5.653179013875345,3.441142086972819,0.6978301469214571,0.3539265938957337,5.3077131503582455
1.8533491340126016,0.4703097786847604,-10.936490810132751,2.880938775608666,-6.233204730739477,-1.783982828800566,0.8574486418265013,6.22585689644491
-8.388418722707971,-5.222136170099954,6.389145743683947,-3.76397948337628,-8.333229126825914,-5.04437811479746,2.5109266103399084,12.627242120258483
-6.737736412441947,2.8233387541160666,5.055865122636639,3.8547313260482077,3.50495113429039,-9.964706800163944,4.752332741751848,1.8324232853536973
0.18229632469342172,2.6344135226803664,-9.38623964679676,2.4024164861930095,-7.900734784123013,-3.5672609188627464,-12.64745778595242,-2.445519148412646
-0.5726839299511832,-5.33252651190817,-4.560200487349373,-9.047855559892067,7.739075399223866,1.1182711889458559,-1.5921550406249516,0.7679547549501186
-4.9411578603275785,-4.827303909290257,-2.42849947825774,0.7531618692396196,4.6295132686266784,-3.2067713749937528,-0.3302748989766061,0.31480543593418275
-1.4518375237016323,2.818880497393504,-1.4657580649827917,-10.619593131992248,-11.767585875076492,2.2589310381567422,-4.421354116428456,-6.892628291422947
1.1710634701043434,-0.12698395295995607,-3.933400059060381,1.1401721656738346,4.244996146279025,3.2111091289919407,-0.5827626568388499,1.7850971187286397
1.7070205723629799,-3.4447364286925497,5.729753129561041,-0.8545295266654649,7.4805280320135425,1.4375833488750298,0.4277824068106428,-4.672267648007644
1.2968050419951742,2.4044295531982507,-6.968876963589138,-8.002461639379723,-6.6755502526740935,6.733847462342439,3.1354974962835285,-8.804845452707227
-4.278563642232776,-0.3714744556364655,7.098821046420532,-7.687991539987204,0.636890489165638,-4.686143576395629,-1.8325300629352277,-1.7840597267704634
3.96472131016238,4.515718799508626,-9.449235024497575,1.409728301579143,-4.001864458956544,-5.651529120969187,3.2904029799997447,0.1999035185302349
1.9909402955128697,-2.8177773298388464,1.0389177829271163,-0.662941621851141,-5.746908657020741,-12.521966711733324,2.961945581355278,1.0415951850750504
-10.64396885835716,3.9077447372705216,-0.9754484276245032,-5.252262294463408,5.361882720004188,-4.090818481034462,-1.1881689341651225,-8.07275664516193
-3.0617733778212965,-1.986454057585587,5.6377374381710865,-1.0549548310242345,-4.652439845975126,-4.359824895681761,5.205084329940017,2.712909299247703
-5.710446427789713,-3.2965162033337387,-3.2892403203194998,3.2132837512389765,-1.2080979795235796,-8.695868110431565,8.788598839770039,-3.4863026686049645
0.6531695692781659,0.3654919972051069,-2.2378034337627826,2.8476584688981044,-6.702984313715223,-9.81043111274531,1.0904991647207705,3.4282222322901923
9.471051360020486,-6.172842031808526,2.9425863750003565,6.518384098947277,3.6626441594721433,3.997740332130887,-2.921733749301493,-8.69445332605181
-2.2601828705332796,2.310770450919729,-4.975354543829571,-4.683498475093653,1.8498864686096983,-9.900352046940004,-8.14135454364456,5.091186633851077
4.555300528284959,4.469445407227648,0.6299748100678104,7.942140558452902,-7.78609616231048,-7.5875582751467725,-2.4612002353362845,-1.0799189735572807
2.6837350639609205,-0.6075678537102198,-12.78972361521765,5.091629761807161,-4.457516010540346,-9.101576091929203,0.37737298418791415,-9.294399841455268
2.2091323436756363,-2.155704772330865,6.299599056932785,-2.7496495627507267,-2.9540719005134046,-4.1478696321397335,-0.2867517895612379,-6.315580729628778
-0.5733500187299538,6.659999701180389,-12.327024894298136,2.1627051819587306,-6.85314739973216,-1.0680998470581249,-5.148101768452269,-3.856093613038179
-3.542945253310534,0.947734642289448,-5.7860355839088085,8.33889687401652,-0.7030117979617284,-2.884052556394676,3.4086027605847558,5.313062371617061
-10.699233994154683,-6.021707463007452,-7.753435285166006,2.2980497040078416,-0.5414601802606634,-1.8442303231039288,6.296577940166488,7.467385294918042
-7.388455069468497,-5.387380962082967,-0.4561100589587285,4.316676305979246,0.20365981664303034,0.2070545491572427,-6.8376881069854525,2.0092757167877457
5.487026176944443,2.8481468086546258,1.0255064627140749,1.5481436136142328,-1.5426162321355672,-0.7868478727411455,-2.4136816966536427,2.6806901921597155
11.955511870911922,6.198995781851317,-0.4425568057093241,3.276690253964724,-6.632753547445463,2.2771925457648186,-3.714192367948714,6.8811090917236495
-3.859427585348254,0.3727968837280185,-2.4338009726218455,-2.5212401400758404,9.377643849163178,-0.11416043046877432,3.6230317242237815,-3.4962315111805053
2.0111746559171486,-0.0816518117417629,-2.554040661606642,-1.5283966442710928,-2.489403532460725,5.324276172620146,-4.7838520030425356,-7.257960294035735
-2.0854315380787782,6.663755925191434,1.5746833747491538,1.759292074054635,0.965096108188539,-1.123848018065777,-2.63982363571706,-7.830048334240132
3.8306201619897218,5.264461798222365,-0.837375379275449,1.0513109496141315,-2.1388676087762346,4.056159935604483,0.07452088282109852,0.26184137166424976
-6.120593764902699,-0.1521839960897591,2.9311785518792273,-4.291221063655873,6.743299864288187,-1.3166562562909288,4.833819391164768,-2.2348952922855174
0.8333617013939387,1.105067361722574,7.176292660676991,-1.545186318935961,5.325872551341158,-1.2661750257242688,0.528847080407546,3.400721708106556
0.027505254649022627,-0.9636963333007674,1.5339276248381808,-6.860714142385826,-2.6690691076517488,5.068224754228108,5.1907094578276425,1.8616978055358804
-1.7478989346466838,1.0095678557098489,-6.369291372330348,5.069051136289161,-0.952519668843621,-2.9157572940702625,8.78481513945906,5.086781774686888
3.809408328189897,-4.326512971681955,2.313177537251628,1.7491137994668788,-3.940266416578533,-6.635803343782854,1.054197769057269,-0.6136757353632596
11.047947224043309,-4.301292209512055,7.050620948382599,4.942109287223503,-0.6286625034536576,4.832839860044597,-6.514143058645769,2.1041099422351275
-0.9746904843214488,-6.5709919456773305,0.11030332665364936,-5.168944301467246,3.4466721148089863,-3.652521978343337,-10.895713323183776,-0.1752471450609934
6.2662921913400815,11.751227024372374,4.580263231552083,-9.923727307753527,4.236794168930478,7.769037422868553,-0.035774829940907533,9.327186879505913
2.0719691274275625,0.05536308347922796,-5.561306672721223,0.72140046572438,-0.9644739816402954,0.7667854413011252,1.2037743970617358,5.917869742372383
6.719727490957898,4.113739969062313,-2.701596738942411,4.267207264832424,-1.0429098158161807,-0.7350839450922354,9.353544498976449,11.205633197678061
2.358443480696702,-3.1192338830394872,0.6214249546028747,-3.6938809350360433,1.2855921760486968,-1.2814911262060025,2.7518187780559296,0.43891799258051856
1.8983259531207104,-7.961031827750347,-1.5464941256358775,-0.6749613384348105,-1.0761014936803814,-2.0241047762511046,-6.10845588619229,-12.11113497654954
1.8296276692416624,10.975446109269487,-7.445677115947207,1.4671263693741785,6.522178821004722,11.200584660117824,-6.134364641443094,-1.6562200960865088
4.6514514409657375,6.212212955369703,3.0811665887572994,9.301102512394936,-3.7189038890493653,0.08012973715974392,2.114163201634078,4.644459325767762
3.4182160887309214,-4.176013053228751,-0.3735824291057928,-1.525825443547798,-3.3982347907492407,-2.0910915333430564,-8.203511972323971,-6.844340026067232
5.913225452849147,1.9566504924191084,9.258864851057597,1.4248467975949766,-0.6778318282891549,6.058606355847338,2.415952227422129,-8.081099933062356
-6.920484549405751,-4.512389692699962,-8.684128120327678,-1.6101540725721122,-3.867766786196756,-3.809531890518648,1.9217327749277109,-2.433322731199256
-10.286930832997395,-6.018882297058783,6.579469355403954,-14.633703435082474,-5.1065351035437425,0.28740324424130864,1.938936329517903,-2.1985442725501123
0.05383497397055997,9.140024909797278,-5.922404727453041,-0.42920214675831214,4.452072978370575,5.9902136938447486,-1.1371874752076658,2.53123569123004
1.4646620509306365,-2.4115200619821624,-1.0257554446621149,-6.203012934887661,-2.8791597211013378,5.084573438614124,1.9777943046308055,-0.150384810759558
1.920043088706577,1.3810325405148738,-3.4603083986190777,4.748387236309814,-5.308620321122325,0.4114774848957928,-1.7108217737080518,-8.488623769795044
-8.693555397041184,4.929832547043142,2.57589400089853,-2.355448646318292,3.9880420316865344,7.948247248385051,-1.6072541903672242,-5.692062832007011
2.750543189051192,2.752146587530685,-8.184846998614145,-1.4852648353851436,-1.3196981457652952,1.7122017981461644,-2.5829011853432435,1.5627591118414723
4.70579390330344,7.269338109132639,-2.9166552491045046,-11.600968587905815,-4.428036982319604,-10.708656959553922,6.217828560146126,0.7078418805166574
-3.768661802564479,-2.1128873891010618,-8.439484130325571,2.236063021020322,-3.1501182306724917,-1.9067035356944115,-0.6992401081684987,-8.322675173359878
-11.568409981048884,-1.0111870372517633,2.0504801885648902,-12.20479071485967,-5.761446296303136,4.782380236816684,-2.6033819704246013,0.06923387100133838
-4.303707331843455,-3.2383704811747527,-7.470182655406655,6.7954514909129955,1.3540179517019122,-1.416124550559149,-5.231817617601422,-5.357760643641832
3.3118102233371327,-2.342128434757395,-3.6467752502449198,-6.077100583529233,6.214257180838901,-2.2855540898372038,11.46977791658236,1.4579431727609151
7.562710163190843,-0.21367804212345,4.354883088616559,14.63428004087271,-5.446161386370458,6.030521991330665,4.703577433035128,-3.7990768243093713
9.235509055770898,-2.4503709947453864,4.466294074044182,-4.197633099069544,-0.12552487900326373,-2.7555989097563542,-6.133334691884656,-1.3024737522472387
-5.321060785518794,1.6251212299111195,11.817352330697627,-4.062737016406911,5.095500458264771,-7.116661370212237,-2.360762355416389,2.9630942111223546
0.7178940956444486,1.4860064262420394,-4.862392514099584,-5.6102083139717935,-10.212824082696814,-2.5885239635687407,-8.973711875208648,0.8924592213436798
-6.799084313915839,-7.886811504103228,-8.426625452879254,13.22827318796709,-3.203436870474344,-6.525012251114843,4.3679164002440265,5.863613778700273
4.914334991305883,-3.9415848937778417,-1.7977130921343991,1.7812797271970129,5.146255276191578,7.225794478885184,-10.75208437034621,0.5353507100402143
-4.935606672104352,-4.111258296795272,7.889819186449309,1.9901530510717078,1.5913593762765086,-2.4687030134500825,-14.374645016527188,-1.3126845968035863
-5.0746115114275865,-7.650014664315188,11.079527956765869,-1.82275643065519,5.7534614672000615,-2.6922767421999287,-6.6705212639470455,-7.038257712897023
-8.363563175827178,-7.266461017670936,4.377565328073391,-1.3802932038482365,-2.8179876150169307,-5.890787909074483,1.1945150584786512,1.704662969954723
-3.4514807887572294,4.650401201036637,0.2284363097780595,5.4687148417423295,11.64499566846044,3.8356269260369755,9.229837133282366,-3.059749928305245
7.435057027986388,5.303909610713859,-5.760829736322831,0.5222865390283887,2.302377813934989,0.1614322024025291,-2.1388940503622518,-1.3695873794622828
1.24655986812674,-3.5453647988055708,1.7397805299226827,-0.04180688131275415,-0.009877038353348449,-3.4992608992414427,0.8023731061180253,4.618116280477026
-2.7962996809201703,2.735581882828086,-4.442279549014039,-3.4476448452979995,-0.486635350900866,-3.2776233500475405,1.2485900979727482,-3.383150964363577
2.21225339100214,-1.9787766807458875,4.269756354731502,-10.61196570251357,3.6663331910728743,-1.3418471054362726,4.179446933538979,-1.5107083293511956
6.929614731891599,-5.2747320698529245,8.374436444505093,-2.3940248576402814,0.5832836841147666,4.283794172968002,0.1924441649906956,-2.160666566395912
0.4532801876638514,7.527049181076793,-0.4626107599037611,8.303127350020409,0.5956660589829113,3.0719118574561666,3.6567384702425265,11.449103473604396
-8.877260860665162,-5.375416406657579,5.759303740651998,-0.23785737984470315,5.688260229368166,1.827488698882341,1.2618377116842416,8.316572584923481
4.056042782165416,-3.470590338526228,-3.322931900574204,3.7054678209949454,-2.2688833822137404,-0.6182276168581747,6.186493773754309,7.2088160694508385
0.8044415831949598,6.560826138524398,-1.3753034631529255,-4.964900934866622,0.7122853327686991,9.140041131413216,4.831496149517581,-0.118546912839356
-0.3971924924431627,-4.1304095218813535,-2.1380665693546024,6.669730021058247,2.1548777145531584,2.356307664403169,2.2803109777541968,-1.0539581289519422
-3.293630170903264,2.0554074869811867,1.0943635708147306,-2.975191195045699,0.5973236209674533,-5.483146589995606,-2.567568291552515,1.9251218151979013
0.4256741103094666,-10.515693739984066,-3.6501583833484914,5.885571322949616,10.806901680528533,1.1777573264231858,-9.256719287237996,3.4506635451516554
7.495379615749017,-3.6875595304730826,-3.5870461245455427,-1.1446260354062625,7.119187162096393,1.1304965420814186,10.572661995900011,-2.7418560254190534
-5.076316926660025,-2.050246505810133,2.611094924842545,3.878874799177301,4.409862996484505,4.024918999120427,5.104629729240365,-8.361028176247453
3.701213549137909,4.940644385086392,-5.953766374767585,-1.1604417461252972,-3.5710628736080285,10.242550841810594,-7.407880887896763,-6.3104082849494825
2.1754149895816983,6.526937611124609,-5.347773277704016,-9.040853783990316,-12.988613799666936,5.230027927610504,-1.1315460480067998,7.20279572739533
-0.3901292946758963,-0.566127772579918,-4.602543365205168,2.826139963171717,5.196457071105744,-4.153174766979493,-2.2726095653221274,1.7868192089366377
9.728882563407543,-9.358426009620796,2.0738410748471705,-1.4380795248123768,-2.823671303551881,-2.9110458453478683,-5.574112561512841,6.3918994922796974
-0.8610510067156392,1.7063781359426298,4.488866223412939,5.584794298532243,2.659005374224904,-0.4687012362918316,8.17005281647608,-3.78493809955008
-6.714895435431048,-3.4761383027955493,-1.8352682663991962,-9.868834504878429,1.4028595304589444,-5.39853215241317,-1.2732846370804514,3.3931551229777264
12.004994120485359,1.113506112463845,3.1130423375718146,1.8318844352,-3.5569997573759524,5.136529202902395,0.9790727639014936,-2.0476846857133744
6.487630989658735,3.115649968224913,-0.4691791153128028,-2.7116410146153664,-0.469652075235054,5.0121591228367715,-5.375062351625917,-2.7799108666152854
-4.627291977461566,2.1468924227106614,-4.877918728747892,3.9909643120113816,6.028907255656023,1.5497443930550472,11.121864716173212,0.2971579229811675
-5.571752311027512,-1.4125038761716209,2.268624145463665,-2.228387270275816,4.575819074120432,-14.998353829761832,-4.518840821118316,-4.022440375270736
-1.0961747077157784,3.5558494432345307,-4.4573580258233205,1.7403635555803485,0.9524549125100596,3.1949978287807483,8.883657666950764,9.686281076601649
-1.7457105138328957,-4.047510970344805,0.9804401958827036,2.2877233437015514,-1.9862630820813083,8.486910761805731,-2.589018450350393,0.6110510715143722
0.6946757423355044,5.3448203052624175,3.02432346719733,2.1903231702646107,-1.648960544729271,0.5016516059836708,0.06139962152382274,-0.13553448650870406
1.4925988036418198,-0.17038522336588152,10.221506477108859,-2.6248908845414998,-1.4270375223434837,6.805984092121835,-2.3548763880441235,2.5454640097673913
-0.6263416963162087,3.975333998073932,1.1370943982653337,-0.8233317845991678,2.480909623566316,-9.429356293419984,1.2588387396521896,5.624760174856435
4.44609604179904,4.2846163839888245,6.1511412376792025,0.9443817142223422,-5.638857754614634,2.825160911004068,7.1262577505874125,-4.813641248177322
-7.242509505286035,-1.9191266942173868,-5.915672364987446,1.5089250865422257,-3.4428409847792585,8.961287250816216,5.943193490388405,4.140332956059819
-0.7337735679257124,1.2194554108964744,3.2205309549694943,-3.973639973021363,-0.7395589345705262,-3.3908251045063054,3.4292116198745304,-0.3472221003122983
-5.777044414279319,0.952326018893426,4.9440914617013805,1.6423567284264011,2.0453037432503764,5.141394474575081,-1.464374302886283,7.0810431985242275
-2.0549724088298187,-0.4863506084310689,4.120012702268986,-1.4309789660871002,-2.591119537349584,-1.5870590726095757,-12.050572669228432,-8.487602356457236
-5.958965350904415,-1.812468412721752,-9.156449582414627,4.687817503092618,-4.6653837461075405,11.920624647189939,5.577770571494602,-5.946021494836487
5.463393003063219,-9.735689518108167,-0.7706094908591643,-4.856947593948692,-0.821998617093978,-6.48695152254504,-0.7669918163838007,10.333142990440694
6.2558273506716136,2.8174698507843203,7.285284284957746,-1.1565359420543333,-1.9440036591449128,-2.4402200400139438,2.9643637519338686,-7.122760484841647
-2.7614624655158018,2.7758617355844306,-5.802553462557518,6.0138130272458525,2.3642135357210288,-11.171529770228968,-4.937965959203543,5.191960289774613
-0.7900580972561645,-8.456776773419739,-5.012864797718977,6.584072397916322,-1.8067184894424304,5.374177490880873,12.869793850541624,-8.455437956797391
-4.184233276924294,-5.072539839535917,-1.0374139129247928,9.255157769856943,7.5856398153582205,3.1984670914763367,-7.971001901450223,7.051456100556138
-8.099554667777117,-4.063350462854529,1.3215200197185573,0.15125705161214234,-2.5351857158401647,0.4878391500455887,1.4611958768331468,-7.896679829188887
-12.340183722980996,6.274223664608106,2.769235740246917,-3.9462393796664488,1.7981408832861328,1.8551857205476827,-3.0881804413482286,6.4122367004880685
5.735310528249794,-12.503823880921926,-3.4012115928392284,1.2621942663972616,2.9373461577461466,-1.7576194488090358,-1.4930050028381094,-6.121242840306162
12.485740215636325,-2.409235374147029,1.8223771190061515,-3.5199919260290207,-6.226408156605582,7.8740990312336825,-8.465911513088576,1.020738752400458
-0.30397272186061475,-2.51149221270089,-5.2623153534031255,4.6542226907680115,6.944761479381282,4.696438995255981,3.1725028614783795,-9.830883738363193
5.318126619203585,1.5856622165304013,1.9509042761635569,-2.136956537249401,1.6682277716380778,-7.923613562470973,4.504034457370214,2.049229256107946
-3.376249615376812,2.9102211964086,1.771246621763404,6.497083620929713,-9.062058992276523,2.6981762338627497,-7.521960017828457,2.516371626579096
-6.453316234843213,-0.05824606348372105,-0.942624231071438,-0.2190282779893152,9.617123746117418,-3.004224811016613,-7.830882768236504,3.998910951207262
1.0098159736242869,2.1998488630928157,-7.395286050473817,-6.0207258252928915,-3.2399882896005807,-0.9745809963004336,6.443936440109201,-10.507309229107966
10.79159940608167,7.897053851042805,4.928252735839743,5.809153451383777,-1.1324472800851169,-2.4445897304066144,4.250985508334591,4.9426273150453
-8.376440947316068,-3.5750264849755484,-3.894570060631529,2.463915099460901,2.935841135250974,2.2032418531193034,-3.50759720019489,-1.711187746244757
-6.194407737788378,0.5211541151628707,0.34717384036900645,12.687699445077719,-1.3935078826634792,-0.5701995878420371,-1.7216117523368324,-8.587009619235197
3.778479533254752,-6.544870692481056,-0.38815961895562107,-5.0007258759819,-8.163338721849858,-2.5789703903742467,-0.8173427990682257,-4.950825766938034
8.27631925078257,-8.554378667142197,2.1147678506426733,2.648066998836472,-17.466939973352805,-0.5122318445963604,-2.3923930394089847,10.464070849636377
1.6042679154609307,-5.572424073936246,3.944724964175712,-4.207291822406617,-2.9699142564493064,5.441922029198314,2.957999175347509,2.2319199339281734
-1.8145686431329424,1.1897269500686225,-6.0588427612495535,7.0429904417334965,-5.061549335612638,-5.786991568944362,-4.735697739008199,3.846367826667933
2.797400505131748,3.429000191852482,4.418260714324843,-5.568234632540125,-2.6414839388188103,2.9703566575160205,4.859783265066011,3.080521129681875
3.3408444066690053,-2.1281914291631967,5.221088304791198,5.964310532783162,2.7946450905550653,5.004116405624637,5.743649957747572,3.9109149843171447
0.8357260417995365,-1.0661751662825425,-5.830992268650879,1.7094237522069056,-6.701985173666642,-4.958845001327361,-3.6811651358237034,3.08942275513457
2.821930513627727,-2.393185034039365,4.071177671428984,-6.242518635390501,3.854339229103735,2.7870278586262787,-6.403875928346754,0.05516821106369794
-0.8960415610389948,2.029862144554346,-4.147156546125479,1.7394482100001387,-7.973300730435213,5.771865630498182,2.9875970268100644,0.8941980762880235
-3.7518348295519703,9.514941606021242,-1.5337163485855243,5.381497491031535,-5.629290696242012,-13.124572362480345,-8.324573997280227,-0.04446045344904753
2.9016449009190715,1.019130389610883,-6.951989864466822,-6.3921213186425545,-0.8050821870733765,-5.274592271922559,-1.5703805859598183,-4.449230576801937
1.302185873520184,-1.4355416778313304,-7.363814120198679,2.6092032042828928,1.7140020562224567,-6.609204241742139,-4.155053659638361,-8.839884014230556
-5.5182172451247515,-2.432176480456973,-1.5733075866415167,-10.768314565740004,-1.424253801624752,-1.7807277893562468,2.5063870984231134,-1.7934035520512843
-3.2019734670560824,-3.3661996609905454,11.237391816688174,0.5100261779599998,4.413443289845297,3.7716042052503553,1.0669418797762091,0.7010586667709839
2.665003511068145,-12.133041636471464,0.2875206177047517,-0.2898875087619249,8.429440077025902,-3.734764180375709,2.051281238355382,-0.3257719733391453
-6.075290723870188,0.19592070358739794,2.3985181115663474,1.3971774626546052,-4.729984251766397,-4.572064973582429,-5.673021020500089,6.051714125613117
-3.4917956531094614,-1.8804809503100244,-5.62851007705209,-4.889256081323012,-4.133641523888,4.148494546566694,-6.662443029399919,-2.7837349276730707
-1.0755964809092768,3.665018596915719,-5.163332349722625,-3.301414881448589,3.2744413726127948,0.6746287088935786,6.920296869715957,4.699337436899931
4.344413364703462,-5.412083838877325,0.9940933276690758,-1.4798947841873191,5.936152400240584,3.68476539698671,10.426213301758189,-0.8715458306804457
6.12226315520655,0.14566836987783285,8.837982702990844,-1.7191152852177227,3.108379428805337,-6.882821060640994,8.554061360897624,3.5904911137637026
7.479479200207589,-2.5698611759962544,12.804463585523813,11.872001559483065,5.087932091124491,-3.588714557058758,-4.1916026639747965,9.095580474887717
-1.2274182691250617,-1.7547141957291448,4.099164521155823,-3.5043228059059865,-2.11476903592606,7.721205083311053,-4.085387476368823,3.3546098977016032
-8.116369411048588,-6.565592335970174,-3.365183201415732,7.720633724421048,10.081573340930344,-3.0248642896783466,-10.081112872221887,-3.2971064496259475
4.996864633280151,2.884015277899705,1.8661692414275868,-1.4665400023522803,-3.3070227632182583,-6.247126041910503,-4.72544928220149,1.849407212362668
4.975348453248231,-3.7909464569313487,5.534380323653912,-1.9005364754507104,5.382963991212126,4.323383516173006,-2.328082903573253,-7.296190863290083
-4.266774921406278,2.5799868203304044,5.749586242450043,-3.125203103063873,12.881718600653135,1.7844851006403837,-8.783586997964546,2.954289539215302
0.1875333018870668,8.66328647787679,9.808179376180787,-0.09659889357997134,-1.7861072596845873,6.56950291085438,-12.657762211105325,3.4739589329694085
-5.121962993731311,4.641644891487312,6.2000509112723075,2.552608722592031,3.5118945618604718,-3.625654524374807,1.2344695471407408,-6.6403414167343175
4.986109589732605,-1.4009474283309171,5.808277642225858,3.1226026288358817,0.4704165118743159,2.380170220646741,6.622580035544806,2.982988219185789
-2.337830018994669,-1.3852698972559612,1.8315693333479943,-2.3700072305583366,0.2085640798066722,0.5069653553481461,-2.2374785868783973,-1.2759617499767346
1.1927126681867175,-2.632388038523068,-1.9971048784287504,-0.4487944757887989,-1.3203658110360932,-7.11165300142985,-0.8691986623591408,-4.6217949273742125
-1.7920388220790704,1.3956352664504963,7.524496872526728,0.2617238036845081,2.643828576502339,0.9328405258636564,-0.30131548732329355,-3.8784041296099816
-0.4349010326849855,-1.2845063251589437,8.666202512311354,-1.0810559693739268,-6.643882395454675,-5.0655577865937245,14.951635614986856,-5.011877304202793
8.962106064880023,-1.2665736411541282,-11.817256548970542,-1.2401553944860793,10.050558397911447,-3.2609344068210877,2.7268972799624236,-2.3881644271991127
-4.528061383466809,-7.208179644871109,4.471762276831352,2.3644996201070425,-3.2547197961153875,-7.812011885886943,-3.4295893573714578,4.687894916215668
-0.17818339545717482,-10.182763347338646,1.8417181985538449,4.417565670382935,-5.382905873238901,-4.032204055646101,-3.8822315396702796,-0.638408260478214
2.4798371319825714,2.1359702513088026,2.5325955372443865,2.6785387486215937,2.196686160165218,-5.6677551417587,0.7326530805987547,6.684446458609417
-10.286096082120073,-1.5737040780209677,4.481242632159833,6.085892493112876,-4.028748206754933,-0.25097574534740114,-4.958702573178914,-1.96497710324522
-5.803072837159662,1.2834967800547061,-7.941234588311803,-7.898154359248518,4.361581903526251,-2.78391802894386,2.4566091391765768,4.970536516358887
-1.6408541620966708,-12.342529973287949,0.11847678202320873,3.965328922990554,7.345111949377848,-7.501036826240063,-2.163387796529848,6.664519259963874
-0.9872545762448638,2.7753271153001413,-0.2749323565866573,-6.198205358475008,1.8179861325518831,-8.961530319123764,-0.7465682148156628,6.847579405635678
7.775419954725847,5.166091539557116,4.731663632413379,4.487043157581894,4.80631596383585,-8.657010496919478,17.712986204624144,-1.054339993729894
6.5651763654167805,1.3927305102724663,-0.44471529451966535,-0.541592517776301,4.498193320417341,-2.95536572673964,3.968829364539215,-5.869913626442669
-7.0916362688233425,-8.775265361465511,-1.1038216130400853,2.2590859043743796,-0.8906430734493209,-6.716612729226457,4.717052370443576,5.063321622185819
-6.283259702362868,-1.5615316708915348,-4.315564931878668,5.519064194675125,-0.4251606320421304,8.374291491253501,7.104359776672676,1.0936664704224557
-7.969837082367034,-7.774853629984406,-3.033998446018628,-0.2594821817218385,-4.115958433857408,4.184455510649933,-0.6886211040216673,6.5785657826970825
-3.9467553228394134,6.701443008736748,-6.662653629810214,1.1988843523862136,5.180157259284019,6.9148749596200245,3.2009885496268824,-4.52150529414718
1.658208115591728,-3.2863455350036954,-4.626100064043853,1.5404539940303783,1.0638112707014076,9.202852037719326,-3.362934270985043,0.5251308751384582
3.326471561813869,2.593724729821804,-1.6766724896642788,2.4642832433865074,2.608544875690584,0.6133282393529226,2.27541981963242,-3.0147022361637523
-2.9283303100355647,2.6705305882704176,0.862534869475327,-1.2018155962404091,-3.1620688965837656,5.131256891039762,2.6186391951185746,5.775366362880124
5.799050704399231,1.7669103457888748,-4.950544858928908,-0.3727074728301965,3.8282317131482655,-7.207356573436355,7.433796053096166,4.079355861170094
-9.524312339055113,-4.229709879955533,-2.206598942227086,0.701168760581211,1.7197968524054732,-0.6839119804583478,-4.19515196314838,-2.402617597114984
3.236689696880947,2.7402465726201277,-12.211129239981847,5.717798222775003,1.5651396674675944,-6.413447770323929,-1.8424258689370392,2.6280322677630283
-4.076571696355171,1.261371132104478,2.569101487038834,-1.3620492983135586,4.164693905391956,2.6028282158782385,2.483248900961286,1.6174321521051565
-2.317835260797512,-0.7020106318924311,-2.3971146058058364,-3.5965965042066634,3.1705714890695,-1.3312679534561007,9.558772167607712,-2.394961716258197
-8.629196236716599,-1.501049477763702,-2.0187190997623707,-1.45828951138802,10.730159959721078,3.0062451052413683,-3.2147547348152723,-12.886321189177599
8.611011838384123,-0.6632651000331125,-3.0283320139063883,-2.6121189948123913,-2.9866701105980726,-2.06705802732243,2.8120705007138898,-3.7385703482852586
2.05253631689356,-8.089996907375301,-2.8600983996293468,-0.5947556606173179,7.265230269629246,-4.381472786191637,-1.3916711856618451,-2.6028470311734297
1.5663705257025493,-1.7726762841597818,3.9504998712470174,-1.2785235542711932,-5.052277063035673,-5.185558478954645,6.718564504764958,-5.225265007279011
2.493089901841236,-10.470032105315584,-9.069851414884797,4.605507259363781,6.069868677758733,-2.1470252841802657,2.257886608302353,1.9633687518843637
5.359126326949847,1.1325410028903882,-3.135098052178768,0.4892685323940312,2.8201343684595086,0.7284304504018577,5.500092715292468,-5.961755805678417
5.340392078370545,-0.4670576492942337,5.885992140297631,3.9202110703015935,-2.3268090165508672,-1.3081734440898902,-5.367959241030985,5.119754086454695
-2.97304086973249,0.24910506129372584,-0.5725344023191951,1.2864746444329689,5.246666904490499,-3.711623123366562,6.349973588464779,4.3612524237856585
-2.836528805159748,-3.042689957520268,8.346056333889544,-4.774450911379162,-1.5356747727602968,3.7242174948040607,-5.1051623443453975,-3.6308958318888833
1.8231123441513728,10.883243807225327,1.8841498095565328,-4.7280865121025215,-14.599423740102011,7.430042501205543,-9.6833908328871,-8.046548251653107
-7.401274388821317,1.6727441687070037,0.7318292136852379,13.002654897919125,-5.852631367330082,-0.6507289121324528,-3.3409020281586304,-0.08230895143770957
-1.8144652757705932,3.465370514555077,0.17204690106397982,-7.020544034868168,-0.24925851965223855,4.817420512723301,-0.6933056901696428,-1.2689861131088411
4.2289131483977895,1.2482880914554897,2.220090508054801,0.3406840983175832,-0.05546548441533995,-4.366410447148209,9.725292741349607,2.8230908182969667
-8.759861008380392,-4.053749752252204,-7.594286015492231,1.7470750303773257,8.288605569699797,8.992726924600777,1.876734802113589,-11.72029534666044
-0.2322315455721089,-4.949939877832354,-4.817393864782501,6.157443959845691,-1.4630087974584558,-4.988337621993665,-1.3249447844285698,-2.106359717287961
-5.021348147438784,-0.7821303185717877,-0.34155699792769995,-5.0677373461270285,7.948316183284586,15.816052679734195,-9.371777624587713,-4.21512296479998
7.3740699303738655,-4.16707497656361,-8.164777242638849,0.5807528919219289,-6.129554286795237,2.2560247116907908,4.830628984424158,-0.9512993019511428
-11.091902843454564,-3.462960395057016,-2.43503319395773,-3.7237388783344136,-0.9661602538925343,2.990453064320997,2.623714815261548,4.6010413150528855
-1.322239166529125,-11.246493805459835,-9.024064231615533,5.197542716937492,-1.4941161107501455,-14.585542990720265,2.345943929725921,1.2551250317957827
-0.6895507309233264,1.173451789218656,-8.151058945241536,-0.5690176395265739,-5.837937465349251,1.2314567375448453,-4.304570938996311,-2.5290630692880534
2.3155444267674743,3.7559204486172897,-1.020817062349637,-8.797939970588867,0.493168353082763,0.7126786317077322,-3.9393661272464087,-2.139422528917201
-4.2021921709989085,-3.0794647705828178,3.124596776224191,-9.431114417507914,-9.171867156766305,-2.8222716019632554,-8.54749998695206,-4.367315203744005
-4.581352318607362,7.920054755192237,-7.190100263157897,6.064288097005099,1.6467486540740532,5.148728000445153,-8.402489795908402,0.0754720743347056
-2.328756697842271,-1.1387138788962663,0.9039115554072928,0.968960882322131,-5.559331695003342,1.5116342745503184,4.1504676559254685,8.738434069427687
-12.929474797228167,0.5753582333875175,-7.329830195426145,2.5181707358475776,-2.1133924139443168,-2.1664065348263293,-3.5073971107681285,1.6924469690751596
2.39408372828067,2.5442666950611508,-3.3047380540072813,5.4244022810722194,-3.9301426264849217,-3.4107803506261907,1.0560488478553758,9.416319025122327
2.4763128129585,-4.5220633109441035,2.6199017820006936,6.12403963279864,-3.865628919840288,-4.420185459499714,1.9274609182544689,6.211640919442332
-2.811080674221213,-1.1483781782396143,-0.9991901882826529,6.64675632210376,-0.9082846187685374,-4.080394328874681,5.6575597727397575,4.067005404324487
0.6964456428652137,3.4534013728548127,-2.1281108807641043,2.003640667103608,8.424132345035632,6.368925928292942,-3.116635768056923,0.19687379909391128
-0.562723933613001,4.734475118207296,2.2773108009684067,9.149204294911051,4.257867477646837,-9.007034902089538,-4.7936723730654975,2.5011217068209115
-4.703432819936522,2.3821328208831054,-0.565493803728563,1.2831201725903505,-7.138292813356724,12.006339762536033,0.09039224837284432,5.3379138447859065
-0.6894821925439438,0.9393205704819534,-0.6411964231731792,-6.00956149393813,-3.841503035618192,-4.43840915562611,-1.339058063912606,2.5414160411635915
6.6099781750642626,9.943779820667917,10.815411804361828,1.842613931921616,-5.961169700536331,0.0615442172510801,-11.21938896579664,-8.026488688878251
-2.9495538629340885,-0.8828555182279543,0.3995377820342271,-1.1902247432728557,-1.5345313459856245,0.3716725862711111,3.5520224542739816,-0.1484231931260236
6.417736984012902,-5.818032472091132,7.595837467462081,-6.3649215199462486,7.426703550464422,3.5911479531067787,0.3055280559654681,-2.5171632583991164
7.470015368748999,-7.462659636532644,-3.9282648526412833,0.4437465995694157,-0.16018662523417146,-4.130230050761294,-0.13880900162075427,0.15215181038912834
-0.5973490914893741,0.13518889497388714,0.3928860347997002,0.07480180754602136,-1.3886420517304776,-5.017649925041333,3.9118006280344466,-2.5775244086400657
-2.622949756955379,-3.4109483914113605,1.4668723681044435,-8.545765159291294,5.853336804239161,-3.8523935411142833,0.1192807368986856,-3.423707416958456
3.2473134769990266,-3.3356790396379847,-1.0707059830870869,-1.91681700613508,0.9254896217999874,-1.6146148870930617,-10.547796148248164,0.9551852588436164
-11.533108516579269,2.5916159260351948,-11.145920345019963,6.308018656461262,0.6514990621407711,-3.650859760912584,-3.489938815805389,0.13237089381376205
5.414517919790286,1.1590726420135258,0.6990798209995066,2.8962923322237484,-3.3370878206905608,-2.1354247343755017,5.106262246981512,2.907423643089418
2.340051522596489,-0.9881363558728692,4.064110044911584,3.767637656470168,-4.579273624869737,2.0075726381351258,6.452523451795638,3.6629019978197936
7.727447727561443,-4.418200124402127,-9.744955974396264,-0.033579325947800324,16.000328390607386,5.254040951552176,-0.2834902903173926,5.095278073941803
-11.090788237889084,-7.453199161547822,4.786582607080344,3.649039442297104,0.6885904852272707,2.556798735364189,7.421639892661696,0.4736671616466854
-6.624634570306653,-5.061964768767013,-0.2802924903239145,-9.402289964427812,-7.151844752390021,-7.117235783808157,-2.6901781706556105,-3.3450042612211663
2.2877559055285386,4.061966227629704,2.096984391328446,0.5880266941032644,-1.311823211508247,2.113720010170636,-4.109680977802714,4.623276614416858
2.894886182206171,-2.82911398438915,-2.267757140341742,2.153787153597767,0.35057893353455943,1.1144606621951243,-0.5093303489501637,-1.476989553888681
16.679726699364913,-1.4029849926181817,-5.235688098037502,0.04366870270463112,-4.8838099987379335,-1.9713486265303233,-5.540737264175316,-1.784054332249296
-9.506416457138544,-7.163439620325938,-0.10966357402753056,-2.3479780803058383,5.880504842739695,-3.498614775905102,1.7276039838397963,5.598392114627217
-0.07721938220368152,-0.19170608895634209,-8.290603874436414,-0.7349607293799314,-7.812047701777612,3.6122921042979432,-2.0733038622183035,2.077774917906118
0.4505214863270173,1.4969162266123708,2.4657940717554885,-1.0100843035011695,2.4810269742179547,-6.441784658634028,-6.994268041843599,4.196621960161925
2.336216890732155,1.6226046513635843,9.770283623271087,-2.640561532858277,-17.460418736738436,-5.1245133298964785,7.8811634846716165,1.0669402054487405
3.1720203471381057,-0.5530888774227869,-2.1922125880745917,-0.2843285923580892,0.5538588647052659,2.030950083268952,-12.23876788033343,2.2041880617676077
0.3574289898330687,-0.26826870589979634,1.086855702011137,-7.573333183213558,7.280512577926338,-1.8251005035723336,0.29073086260675873,11.241359833916583
0.9970509668489012,2.650607763943256,-2.2484370627593804,1.8185797115796445,-3.0038566526822703,-1.897214184601548,-5.981299319434727,1.8121133273087808
2.0992506011429364,-5.198027365039745,-4.2844903402677,13.117967116533332,4.047291410818594,-4.343310905353462,-0.8540052680242607,2.829994911094017
-0.5022485424992382,-6.0421845255170785,-1.7136069905717115,6.116903721605215,-0.5848772709761597,3.539249783334906,-4.326426417037919,0.48512205346652
3.9777584773486914,-3.0860352361676373,4.993457750555018,4.039331059408415,2.2467736911352496,5.993546554930211,-2.029474803618831,6.621409821937053
-7.811018746204152,1.3652664271404926,-5.504922118145801,-0.3199255402070225,3.1190786070705934,-7.138798906063282,3.043986559568101,1.1535068968251454
4.595137822651081,-0.8297304233644899,1.576366696558479,4.437293539308081,-1.3093517004399688,4.5453831304652805,1.3379251835978867,0.25776623648361885
-2.6216928393769874,-6.5704325366815075,-0.5347459120668541,-5.8488697713657745,3.850113879313975,3.113020387660832,-10.0965208213851,4.296661246734944
-6.961793184935722,0.9464716161700796,-3.8590195641237632,-6.392979903913673,-2.8695886254282272,1.3990822182265217,-2.193449514279654,4.407882658486767
-1.7654908438302703,5.8196622819290855,11.173487395454064,4.453350894772232,0.2974093624303539,-2.747387678961806,-4.453335705612397,-2.5600391617632874
0.9592291730093416,2.777133855642084,-2.874179339073832,-0.5640687449153776,-3.4653824529027304,0.12025919418354952,-0.7968744251696158,0.9455456424403346
-1.8115884954526615,1.8822454506846384,-3.8262682064975135,0.8759651331661136,4.234343357516939,1.8241609949503512,-3.2252637238534687,-0.4124384583505065
-2.2906979254026165,0.9840305583752352,1.989312504358765,-0.22353194089356332,-11.147695550454605,-1.9799822998381764,-2.1510889094603285,3.600464214553916
-7.8785685069207645,-4.251619073052458,1.5052536856506826,-12.960757266414529,6.8080492167301365,5.127915506431584,-0.6529855521680061,-0.1263827990765553
0.13320984586531065,6.773986114928206,-3.299139719139056,-0.6249948070125687,-2.120285439899536,6.2415819881176935,-3.575599518686128,1.9818459391819332
4.081451873821706,2.9602213331803844,-2.705485861666499,3.1291630655110936,-4.5037037098346815,-3.965480194847821,-1.8342209098962348,3.0261908875099217
-5.069477448469339,-0.9010167209267514,3.0222843840172846,0.8594352053448142,9.48759046584856,-0.4684694881325229,-5.194094927150074,-0.3890588553166202
3.1074913161894018,-0.9702500303616414,3.5306053327186686,-0.3605300731128809,-5.613004959236134,-10.058428257013643,4.605405769014645,6.031247241408094
-3.447628226185385,4.410811605910883,-2.0615963079907167,-0.4028736935501678,-0.7136576260369201,-2.5469674631900845,-6.758710330362316,5.018734933985308
-5.276132444529097,1.909383440355373,1.4337242109171278,-1.6078174221450423,2.130801610902,0.772706972075019,-2.5254739131224664,6.708745771795722
-1.3582210973745599,-1.8114007918858432,7.07759193611968,0.3735107766882229,-9.653435952461884,9.762739197851275,-2.1303750731794686,1.2642053557302049
-3.830548683970953,-1.2134750923258577,-3.0471093944782512,-3.0471690519713728,2.1922587089113703,0.7443290128825709,3.695825997436794,4.350390081939212
4.468109373030606,-0.9599469289159868,-1.719807207005824,4.013790853949708,-2.9396473200662943,2.0666858741257577,-3.677017837450468,-4.586018645049037
1.2707094430637198,1.844789819334788,1.7291081589185198,2.9808252271459645,-1.148293364503821,-12.01299138979046,2.3594254880289047,-1.784525196567445
-8.444375962812472,2.959805392964312,-10.113091314242206,2.240015908711107,0.5028024467866408,-2.2231619608097954,1.7170542300079878,-2.98654680852209
-0.19610599043864949,-2.863191844530741,4.820182058052249,3.7364362675329237,0.2306579491070312,6.0113885748406855,3.087699014421576,0.21727550131096213
-3.636458433699138,-4.439636239037796,0.6139189401424687,-2.855706448585257,3.705198979672826,-2.7063897658472764,-6.333676521636722,-1.4219752053928754
-0.10627324257417324,-4.9659420010122535,2.2744761296475344,2.3190771071720917,-9.032926917045897,0.015639591237175957,-1.8064399397692128,1.2007458110891418
-0.4903816653849119,-1.4069224322939389,1.0089609276962437,2.5159768991773745,-3.69327772598174,8.578743146871338,3.12379976625764,2.5295484032598043
-0.6924549871797361,3.123418353630204,3.737010061245604,1.9989275923662688,-3.9097277098997885,2.7519041257989336,-2.9156460223960448,3.62342761760834
-12.99872669347974,-3.1654624390414607,-7.83989129707106,10.763612680021863,5.280663500061852,12.371707146075373,2.3221395925007347,-1.7611664926264827
4.587301232558086,3.267091894432565,4.0409562920507565,3.6752776992765295,-4.114179329202453,-2.082002746804249,2.4399463273289785,-0.7296745146393052
-6.057346089597934,6.1896682565556125,3.0463958718593345,-8.191221681978494,-6.025794419414426,6.343485338631406,-2.029120868066934,-5.024555806493013
-4.102981754650381,-0.11450416777425992,5.807025404738387,10.334168716824623,-1.5921079972959498,-5.213585453172118,2.6434720286514293,-16.950809693291845
-1.8562296058677041,-3.772398743798581,3.0232361545906903,1.1620876846707386,1.6651315362208374,-4.946460102754396,2.1232023612274284,-6.336251355185678
-2.0095398287513215,-6.277063442883098,2.774302037804257,2.2962824934400308,-1.5495543262187672,3.290750679744685,2.501345094712496,-11.338929071712592
-8.469522603807102,-8.061899313170821,-1.3969611776117046,7.7537855595008125,2.8557548496673113,-9.474707715965494,-0.2400800806535012,0.0014796082196097795
3.548774682624128,-3.347763136043024,12.679652291179467,3.3922882392509037,-7.141331845337724,3.1344863283578066,-1.3297735542437872,-4.172504692091853
-1.7890128823413138,1.9297695113126088,2.127862039066909,0.3118773121779602,-0.10217736605029523,1.5408571019603168,5.588141513768657,-6.0479111314747955
-2.3413795472563983,-2.974263877293723,-1.048347011668558,12.068438084154856,-1.3833370933506814,4.221856127675877,-7.7755072106972944,0.1334987948942447
-3.1396129674977,-4.798961888677198,-1.6290757806073044,1.7615625228034597,2.9360762289540014,-1.1496264126432878,-8.50043090408996,-9.472230360366568
-4.039698413421489,-4.013194812357018,3.3003582814042645,-2.265604847549312,3.170542131049868,4.6473564582065325,-6.746343927711786,-2.555295311753415
4.438566906506583,4.055299907142493,3.087548172935896,-7.510433369604738,6.849421120012869,0.6230322034000673,0.6806081434529033,-0.6757012658646193
1.7619899673243826,8.718546322156094,-2.042656751482865,0.18854769656956136,-1.7947780748183595,-1.4207350342806908,-2.776328599594604,-1.0770887637793307
0.6149962030351779,-0.07208860918415684,6.1458776590710364,0.8709637361871624,2.4739603949123152,-2.4600434517739416,-5.27143381424736,-6.483625462912379
7.042474625779028,-0.07955519401516968,0.6829888097276462,3.754903346416896,3.38034591954854,2.3780091074484377,-3.8716609943171383,10.801235489232004
5.727175695933754,1.7364541154629496,-1.9937448179916877,1.7786245809808543,-7.987169472504977,-3.1938057939026083,-4.646749086256071,0.8987406117367553
-1.227589197278362,-4.120492318698279,-6.803877678120563,1.1492593548595358,8.814147430217504,3.3663842756827576,0.11621370489489695,-2.3924683882870474
-7.082989142792464,-6.001614144021947,-3.6456706051696,-3.1190841273746606,-2.2215963077995307,-5.486182885765417,1.9280734076161865,3.249127118592948
-4.873408802968088,-4.8811569624457105,-1.330528126431458,-2.8157841855094285,-1.4559190789849452,5.846043962766378,3.0228109722850247,-10.14568318683598
-4.61392343249527,5.981460748548355,-6.18824838524247,-9.268201887310386,4.86588654668682,2.2032591824842425,-0.3930153006261554,1.1150049591542537
2.1154838631602084,9.711615153904868,0.07414741021773379,-3.154528297049905,-2.3738247486875776,-2.716852170315609,1.5895964461003589,-2.769587578653028
1.2077550503578445,-4.938528938877209,4.1506680537226055,-4.486523321164801,0.4972441301454645,4.665940063372243,15.156109308658301,-6.852502057197528
0.9565400091570518,2.4428324108909236,-5.640624009897013,1.1004670084601873,0.7399182735663028,-7.813262234747014,7.812040269924308,-3.689891388941036
-4.6549897725012,-5.725814644947689,0.43441066731100814,5.2434116208722905,-0.5391827324993173,-2.1333591664175247,-0.6035962432515849,-7.883258354711022
-1.6846809878639348,1.2618109676931757,0.3057888077928799,0.451978413050643,-2.0111311031499945,2.847506246526103,-3.3800612743268617,3.543521595574965
1.8720542837979013,-5.124130284157146,3.1785581480296434,-7.2616465105431125,4.3482031321785515,-3.830347513359592,-7.9116459370693075,3.9103908834063006
-1.756142915648318,-3.40808302365022,4.8404385067775255,0.8878012020045183,5.879244370420432,5.458768709554123,-1.9279534061640555,-2.0983491636200364
-7.216937288110237,-1.7300516954467324,0.4465553486909851,3.545979943018632,-3.4068352525732366,-0.15785961964382425,0.5616740744005607,5.0948121641447495
-5.5165545058431915,-4.798634841390665,3.6432623545531135,-5.332337808854033,-2.6273765576797645,-3.376599873618168,1.4078195833659928,-4.117071240260653
-1.5977159620928074,-4.757935103710173,0.3978816720737205,-2.775684555268278,6.294315173503425,-3.1684304195930983,-3.62239698761144,4.510538488183585
1.6124204133769593,-0.8823024890165412,0.6520725916682529,-0.3548231715805592,0.4546603271137396,-2.8458209059334614,3.636715383175726,-2.8644191152338334
0.3344018427806828,-2.6081290115181863,3.0446310960069978,1.4251447564963418,9.770758233313689,-5.341335639758492,4.224023441786922,-7.966994576310522
3.2748962346794666,-1.8562492951530496,3.307183709995953,4.337225455157685,2.603456585106425,-2.217609796898657,-2.2919411862163077,0.163554110748072
-7.755818075324589,-1.712836351135251,-7.154899118551336,9.40043321566845,1.0133796475253172,-6.8698675350713065,2.911677870231208,-0.8885559437174805
-4.3241766982008025,4.13893004047969,-4.641081717431344,-1.2794694985767732,3.032287274514233,2.6341317857714013,-7.263198232172722,-8.993839441630275
0.9083120252024924,-4.214007945530922,1.9621674192874925,-4.5717325333930265,6.4244984258240745,0.1906901631318601,-1.1360952392219978,-1.5099724086874489
3.8604810591288263,-5.00836928679774,-8.983995297027496,4.1814912128122605,6.927775809180147,0.6819040480396711,-4.866707123173081,-1.5801892711253402
-2.227378988208982,1.3541466090870418,4.083786521278701,3.4673003385249963,6.054324924981321,-5.483506207504152,-4.550413121777668,-8.345732782753531
-4.177786617818406,-3.867010892236076,-0.5832920503559625,3.5575334492023822,-0.4039459557720578,2.5902682957539658,-1.0587230409795223,-0.4003274376544951
